# UNCALIBRATED MODEL
count_one = [4.57332600e+06 2.37040400e+06 2.04234100e+06 2.00529900e+06 2.13274300e+06 2.42135500e+06 2.94278000e+06 3.96465200e+06 6.61677600e+06 1.90763953e+08]
total = [6.85462550e+07 1.24791200e+07 7.74711200e+06 6.09724100e+06 5.42573900e+06 5.27563800e+06 5.59667200e+06 6.63843500e+06 9.68070500e+06 1.99026191e+08]
p = [0.06671883 0.18994961 0.26362611 0.32888629 0.3930788  0.45896913 0.52580891 0.59722691 0.68350146 0.95848668]
MSE = 0.00806
ECE = 0.02352
MCE = 0.16650
